0.000000 1.850014 
1.000000 1.798354 
2.000000 1.750864 
3.000000 1.707067 
4.000000 2.017208 
5.000000 2.018235 
6.000000 2.019138 
7.000000 2.019936 
8.000000 2.020643 
9.000000 2.021273 
10.000000 2.021837 
11.000000 2.022343 
12.000000 2.022798 
13.000000 2.023209 
14.000000 2.023581 
15.000000 2.023918 
16.000000 2.024225 
17.000000 2.024504 
18.000000 2.024759 
19.000000 2.024992 
20.000000 2.025205 
21.000000 2.025400 
22.000000 2.025579 
23.000000 2.025742 
24.000000 2.025892 
25.000000 2.026030 
26.000000 2.026157 
27.000000 2.026273 
28.000000 2.026380 
29.000000 2.026478 
30.000000 2.026568 
31.000000 2.026650 
32.000000 2.026726 
33.000000 2.026795 
34.000000 2.026859 
35.000000 2.026917 
36.000000 2.026970 
37.000000 2.027019 
38.000000 2.027064 
39.000000 2.027104 
40.000000 2.027142 
41.000000 2.027175 
42.000000 2.027206 
43.000000 2.027234 
44.000000 2.027259 
45.000000 2.027282 
46.000000 2.027302 
47.000000 2.027321 
48.000000 1.328491 
49.000000 2.026817 
50.000000 2.026870 
51.000000 2.026920 
52.000000 2.026964 
53.000000 2.027005 
54.000000 2.027043 
55.000000 2.027077 
56.000000 2.027108 
57.000000 2.027137 
58.000000 2.027163 
59.000000 2.027186 
60.000000 2.027207 
61.000000 1.327266 
62.000000 2.026712 
63.000000 2.026768 
64.000000 2.026819 
65.000000 2.026866 
66.000000 2.026908 
67.000000 2.026948 
68.000000 2.026983 
69.000000 2.027016 
70.000000 2.027046 
71.000000 2.027073 
72.000000 2.027098 
73.000000 2.027120 
74.000000 2.027141 
75.000000 1.328462 
76.000000 2.026651 
77.000000 2.026705 
78.000000 2.026755 
79.000000 2.026801 
80.000000 2.026843 
81.000000 2.026882 
82.000000 2.026917 
83.000000 2.026950 
84.000000 2.026979 
85.000000 2.027006 
86.000000 2.027031 
87.000000 2.027053 
88.000000 1.327522 
89.000000 2.026571 
90.000000 2.026627 
91.000000 2.026678 
92.000000 2.026726 
93.000000 2.026769 
94.000000 2.026809 
95.000000 2.026845 
96.000000 2.026879 
97.000000 2.026910 
98.000000 2.026938 
99.000000 2.026963 
100.000000 2.026987 
101.000000 1.327256 
102.000000 2.026510 
103.000000 2.026566 
104.000000 2.026618 
105.000000 2.026666 
106.000000 2.026710 
107.000000 2.026751 
108.000000 2.026788 
109.000000 2.026822 
110.000000 2.026853 
111.000000 2.026882 
112.000000 2.026908 
113.000000 2.026932 
114.000000 1.327247 
115.000000 2.026460 
116.000000 2.026517 
117.000000 2.026569 
118.000000 2.026617 
119.000000 2.026661 
